2982
0977
0140
0655
2946
4875
1604
6723
2863
3431
5298
4484
3066
5402
4240
2572
3889
4305
4888
2375
5127
4114
0275
6755
0558
2003
4777
2421
6321
4939
6416
5151
3856
0081
5480
0350
5396
1650
1520
2193
3106
2413
2593
1133
4266
2104
0771
3310
3218
4508
1844
1502
2303
3542
3204
2581
1577
0113
3040
2772
2659
3917
5514
0711
0550
4555
4774
6336
0120
6205
3216
2050
4488
2911
1113
6680
1707
0828
0589
1308
3664
5272
2039
3997
1334
2096
3823
0152
3666
6781
5002
1612
4860
6308
2150
6482
6505
5187
2681
4450
0968
6682
5565
3133
4276
3018
5326
5179
0784
5942
1164
6291
6224
5882
6230
2915
4842
2750
0171
0282
0804
4334
6052
1309
5276
4070
3743
3967
3347
0159
0519
0620
4318
4215
4582
1209
1127
4820
3529
5510
5529
5362
0385
1647
3555
1795
2513
3302
1732
6796
5837
0604
6172
6475
0931
2988
1686
0596
5108
1717
6139
4277
2239
4951
3314
1019
0561
0902
1713
5759
3612
3113
0339
0052
0329
6783
1188
3390
3634
5491
6029
2735
3190
2954
4116
6072
4541
0258
6000
2212
3369
3920
0111
2848
3516
5009
4961
4476
4826
2474
2487
2215
5608
2325
4492
1098
5369
5427
0967
2747
3410
4886
5129
4366
6462
3297
1427
1405
2297
2496
2952
5606
2443
5592
2264
2961
0821
1215
3854
6316
5555
1772
3684
5906
5582
4345
6784
2372
2309
0725
1957
0050
2930
0048
6366
6262
1563
1789
3015
0586
3537
2183
1515
4642
3375
4588
0636
0807
5696
5431
0728
1619
4308
6577
1694
3839
2504
3257
5838
3906
2616
2798
2163
0764
0565
3750
4223
1395
5166
5559
2172
3028
6401
3558
2680
6320
4163
1085
0197
5635
3951
4168
5777
1090
0372
6050
4111
2394
6009
2024
6653
1459
5500
6657
2040
3440
5527
3656
2145
6757
1140
4815
1884
0107
1152
0169
5842
5169
3801
4849
0204
2987
6527
1790
5665
0338
3392
5854
0485
3156
6438
0782
1128
4756
4731
5885
4554
6390
1863
4612
0933
5703
6374
6621
6695
4330
5990
6003
2414
4958
3972
0796
3377
2820
3803
4301
5287
2792
5864
4332
1906
6672
4980
4622
1539
5438
1546
5947
1263
0555
3876
4436
5277
0187
4592
3407
0873
3855
1408
2175
3647
3541
1616
3861
3112
6802
5387
4729
2688
6410
3712
0219
0079
4576
0110
4795
4750
6073
5006
6298
4000
2834
2851
0899
1655
3378
0028
2728
0109
5753
3352
0101
3396
3592
6333
4918
1850
5708
2251
5830
1752
2696
6629
2603
5047
3707
4668
4085
1187
5328
6491
5393
0892
5231
3690
6501
0548
5309
3510
0755
3630
4839
0640
0435
2429
2246
2533
1162
1294
1673
0648
4514
1216
3492
4864
6292
5292
0499
2913
6274
6568
4394
1041
3072
4706
5881
0105
3012
6811
0380
1374
3349
5104
0225
6432
2472
5273
0344
0934
6019
2214
2362
1890
6685
6566
5397
1022
1476
2880
2397
4411
4352
2105
3153
1297
5983
5513
4250
2808
0852
1021
6011
2119
5201
3561
2377
1783
5195
0374
2100
2780
1742
2169
5390
1278
4998
6313
6477
3317
1381
4396
0612
1324
2129
0939
4671
2416
0893
0683
3530
1874
3560
0599
1080
0962
0036
2701
5716
5316
5096
5995
2167
6756
6795
3886
5240
5177
6151
2037
3976
1391
3048
4648
5886
5302
4465
0979
3495
4734
0014
4895
3101
2894
4199
5373
6616
3094
5550
6131
2274
2608
4515
3303
5433
2807
1020
5118
6372
6296
1744
5281
0382
0070
1403
3264
5792
5119
5353
1150
0971
6697
2993
3737
2468
3104
0694
3308
5440
4683
3840
1859
6311
2738
4123
0856
5695
2615
2838
3212
1516
0976
4420
6027
4333
4677
3533
1924
4379
4294
6454
1973
0027
2139
0838
2660
1640
0155
2604
2055
6516
1018
4563
0910
2687
2463
0269
1892
3168
0211
2484
0306
3894
0133
1290
2388
5101
0800
5318
3945
5224
6754
5092
2723
0301
1940
6460
2932
2311
1492
3652
6452
3052
3751
6180
3557
2451
3785
2510
1328
3971
0563
4229
2676
5784
3538
5494
4284
4157
1077
4854
3053
2083
0002
2957
1769
3432
4319
3477
3924
1856
3939
5067
5351
1089
1921
5304
1766
5457
6792
6335
2084
3904
0125
6445
0797
5451
1410
0359
5875
4480
1236
4461
4205
6353
3337
5897
4252
4090
4190
3025
6337
2636
2574
0594
4029
1300
5241
4203
4406
1260
5056
3344
2638
6671
1281
4500
1801
1620
4437
4584
1443
4759
3793
2613
5580
3486
4285
5331
3936
0419
4830
0077
3335
5680
3572
2127
5737
4141
0464
4928
4535
3311
4385
2614
0476
6314
0526
4782
1989
6790
1212
3594
3639
5474
3622
6370
3625
0686
4173
4273
6115
0193
0912
5121
2279
5274
5896
5954
5261
6280
6440
6209
5522
3913
3193
0468
2165
1811
3394
4873
3387
4497
3708
1735
6081
2434
6317
3439
6252
4493
2602
5788
3692
6157
0440
4935
3042
5722
4137
0554
3703
5857
5924
1672
3717
1998
4617
0884
1266
1349
3455
0528
5932
4723
3415
0188
1656
3089
1291
1768
3293
1091
0458
6807
2305
1418
4152
6610
1542
2685
3013
6759
2519
4529
3224
5299
1913
5029
3689
1964
5053
4635
0626
5577
3745
0392
5007
5221
1010
2042
0522
5354
2759
0533
3777
6074
1039
3760
0393
0716
2941
4806
1677
5532
1301
1321
3975
6020
4570
1570
4878
0904
1584
4728
4641
1498
0006
2441
1453
4479
1356
2762
2714
5939
1589
3481
3111
2314
4230
4171
5847
2507
5097
1219
0651
5986
1204
1033
4618
3102
3290
1474
2043
5131
6215
2548
1704
5697
5891
6751
3043
5574
4241
3479
6106
3581
5957
6415
1997
0632
1094
6583
5551
0021
6630
0702
5798
5570
5300
5134
0672
0889
6330
6726
5603
4865
5832
0345
1615
0443
4892
5267
0470
3016
3742
5503
0121
0038
0951
3006
6331
1637
5656
2123
6384
6128
5463
6471
4880
4322
3992
2218
5686
1387
6722
5754
5692
2582
2966
0937
5993
0712
6183
5988
2147
3693
1058
4432
1497
2464
0935
2374
2539
5423
3423
1177
6789
4580
4449
0035
6417
3781
4088
2711
0292
4989
1917
6614
3996
3795
0194
4295
5814
5199
1271
6306
2800
3520
3892
3934
2995
1552
3980
4732
4057
2019
6739
2243
6485
2830
1591
2677
1862
2727
1122
0408
0388
3155
3259
4715
0837
3399
1821
4682
3003
0529
3933
6065
6075
5162
6422
1887
2276
5167
0768
5079
4128
4410
3635
3914
2126
5311
6509
1390
0921
6248
6632
3239
0923
2933
2715
0303
3974
4474
6730
4298
0474
1797
5103
4496
1256
0414
3469
1470
6467
0402
0459
4258
1878
5332
2280
4017
5077
5581
4044
1510
3865
6727
6039
5219
4623
1092
5405
1907
4165
5888
1569
6430
2787
0445
